   2.7670000e+01   2.3200000e+01   2.5340000e+01
  -2.8210000e+01   2.5580000e+01   2.4170000e+01
   3.5080000e+01  -4.2200000e+01   4.2020000e+01
  -3.7950000e+01  -3.9270000e+01   4.2380000e+01
   4.7350000e+01  -2.4030000e+01  -1.1030000e+01
  -4.9460000e+01  -2.1810000e+01  -1.1800000e+01
   1.0880000e+01  -1.5140000e+01   1.8130000e+01
  -1.2150000e+01  -1.5480000e+01   1.7370000e+01
   2.2080000e+01  -7.5100000e+01   8.7600000e+00
  -2.5040000e+01  -7.3100000e+01   1.0150000e+01
   3.5910000e+01   5.9400000e+00   3.4100000e+00
  -3.7650000e+01   8.3300000e+00   1.8000000e+00
   2.0460000e+01   3.2000000e+00   5.5200000e+00
  -2.2050000e+01   4.6200000e+00   4.6700000e+00
   1.0610000e+01  -1.8460000e+01   8.6300000e+00
  -1.2030000e+01  -1.7640000e+01   8.2800000e+00
   1.4280000e+01   3.1000000e-01  -6.3100000e+00
  -1.6180000e+01   1.3000000e+00  -6.7100000e+00
   9.2500000e+00  -1.9020000e+01  -7.0700000e+00
  -1.0600000e+01  -1.9090000e+01  -7.6300000e+00
  -2.1930000e+01  -5.9680000e+01  -3.2920000e+01
   2.0260000e+01  -5.9680000e+01  -3.2560000e+01
   6.7900000e+00  -2.7040000e+01  -2.7980000e+01
  -8.7100000e+00  -2.6860000e+01  -2.8120000e+01
   2.1200000e+00  -4.1640000e+01  -5.1440000e+01
  -5.6400000e+00  -4.0950000e+01  -5.1520000e+01
   2.2290000e+01   1.5010000e+01   2.3930000e+01
  -2.2970000e+01   1.5140000e+01   2.2370000e+01
   2.6800000e+01  -3.3780000e+01   2.9340000e+01
  -2.8480000e+01  -3.4250000e+01   2.9760000e+01
   1.0490000e+01  -1.1370000e+01   1.9380000e+01
  -1.1070000e+01  -1.1190000e+01   1.8450000e+01
   2.9830000e+01  -2.4930000e+01   6.1500000e+00
  -3.1480000e+01  -2.0920000e+01   5.2000000e+00
   1.5470000e+01  -1.3870000e+01   1.1590000e+01
  -1.6740000e+01  -1.3510000e+01   1.1740000e+01
   1.5510000e+01  -1.0790000e+01   1.2610000e+01
  -1.6770000e+01  -9.3800000e+00   1.2230000e+01
  -8.8000000e-01  -1.1540000e+01   3.8700000e+00
   2.8510000e+01   2.8810000e+01   3.1430000e+01
  -2.9980000e+01   2.9320000e+01   2.9990000e+01
   4.0310000e+01  -2.0110000e+01   5.2890000e+01
  -3.6070000e+01  -2.0000000e+01   5.6890000e+01
   5.1690000e+01  -1.3450000e+01   5.2700000e+00
  -5.4190000e+01  -1.0880000e+01   3.1200000e+00
   3.2040000e+01  -4.7680000e+01   5.1700000e+01
  -2.8060000e+01  -4.7030000e+01   5.3350000e+01
   1.3600000e+00   5.2400000e+00   3.6990000e+01
  -2.5500000e+00   5.1900000e+00   3.6440000e+01
   1.7920000e+01  -7.5140000e+01   2.9110000e+01
  -1.8160000e+01  -7.3110000e+01   2.7380000e+01
  -1.2300000e+00  -4.4040000e+01  -3.2080000e+01
             NaN             NaN             NaN
             NaN             NaN             NaN
             NaN             NaN             NaN
             NaN             NaN             NaN
             NaN             NaN             NaN
             NaN             NaN             NaN
             NaN             NaN             NaN
             NaN             NaN             NaN
             NaN             NaN             NaN
             NaN             NaN             NaN
             NaN             NaN             NaN
             NaN             NaN             NaN
             NaN             NaN             NaN
             NaN             NaN             NaN
             NaN             NaN             NaN
             NaN             NaN             NaN
             NaN             NaN             NaN
             NaN             NaN             NaN
             NaN             NaN             NaN
             NaN             NaN             NaN
             NaN             NaN             NaN
             NaN             NaN             NaN
             NaN             NaN             NaN
             NaN             NaN             NaN
             NaN             NaN             NaN
             NaN             NaN             NaN
             NaN             NaN             NaN
             NaN             NaN             NaN
             NaN             NaN             NaN
             NaN             NaN             NaN
             NaN             NaN             NaN
             NaN             NaN             NaN
             NaN             NaN             NaN
             NaN             NaN             NaN
             NaN             NaN             NaN
             NaN             NaN             NaN
             NaN             NaN             NaN
             NaN             NaN             NaN
